KOH (M),H2SO4 (M),SSA,ID/IG,%O,%N5,%N6,%NQ,%OtherN,%S,ln(Current Density),Capacitance (F/g)
6,0,530,1.11719508,16.2,0,0,0,0,0,-1.609437912,228
6,0,354,1.11719508,9.4,2.1,6.4,1.9,3,0,-1.609437912,239
6,0,530,1.11719508,16.2,0,0,0,0,0,-0.693147181,209
6,0,354,1.11719508,9.4,2.1,6.4,1.9,3,0,-0.693147181,235
6,0,530,1.11719508,16.2,0,0,0,0,0,0,199
6,0,354,1.11719508,9.4,2.1,6.4,1.9,3,0,0,231
6,0,530,1.11719508,16.2,0,0,0,0,0,0.693147181,190
6,0,354,1.11719508,9.4,2.1,6.4,1.9,3,0,0.693147181,228
6,0,530,1.11719508,16.2,0,0,0,0,0,1.609437912,175
6,0,354,1.11719508,9.4,2.1,6.4,1.9,3,0,1.609437912,220
6,0,530,1.11719508,16.2,0,0,0,0,0,2.302585093,162
6,0,354,1.11719508,9.4,2.1,6.4,1.9,3,0,2.302585093,214
6,0,530,1.11719508,16.2,0,0,0,0,0,2.995732274,142
6,0,354,1.11719508,9.4,2.1,6.4,1.9,3,0,2.995732274,209
1,0,388,1.11719508,5.51,1.2432,2.8416,0.3552,0,0,0.693147181,370
1,0,388,1.11719508,5.51,1.2432,2.8416,0.3552,0,0,1.098612289,325
1,0,388,1.11719508,5.51,1.2432,2.8416,0.3552,0,0,1.386294361,300
1,0,388,1.11719508,5.51,1.2432,2.8416,0.3552,0,0,1.609437912,290
1,0,388,1.11719508,5.51,1.2432,2.8416,0.3552,0,0,1.791759469,285
1,0,388,1.11719508,5.51,1.2432,2.8416,0.3552,0,0,2.079441542,270
1,0,388,1.11719508,5.51,1.2432,2.8416,0.3552,0,0,2.302585093,250
1,0,244,1.11719508,3.68,0.37884,0.65868,0.28248,0,0,-0.693147181,350
1,0,244,1.11719508,3.68,0.37884,0.65868,0.28248,0,0,0,270
1,0,244,1.11719508,3.68,0.37884,0.65868,0.28248,0,0,0.693147181,175
1,0,244,1.11719508,3.68,0.37884,0.65868,0.28248,0,0,1.098612289,165
1,0,244,1.11719508,3.68,0.37884,0.65868,0.28248,0,0,1.386294361,150
1,0,244,1.11719508,3.68,0.37884,0.65868,0.28248,0,0,1.609437912,145
1,0,244,1.11719508,3.68,0.37884,0.65868,0.28248,0,0,1.791759469,130
1,0,244,1.11719508,3.68,0.37884,0.65868,0.28248,0,0,2.079441542,120
1,0,244,1.11719508,3.68,0.37884,0.65868,0.28248,0,0,2.302585093,110
6,0,166,1,21.875,0,0,0,0,0,-0.693147181,200
6,0,191.8,1.06,16.038,2.72,3.61,1.26,0,0,-0.693147181,278.3
6,0,196.8,1.02,16.01,3.2,3.32,1.19,0,0,-0.693147181,334
6,0,178.6,1.04,13.36,3.67,3.31,1.1,0,0,-0.693147181,241.1
6,0,196.8,1.02,13.53,2.51,1.3,0.77,0,0,-0.693147181,204.8
6,0,196.8,1.02,15.66,1.76,1.25,0.52,0,0,-0.693147181,305
6,0,196.8,1.02,19.42,1.5,0.77,0.23,0,0,-0.693147181,173.9
6,0,166,1,21.875,0,0,0,0,0,0,176.8707483
6,0,191.8,1.06,16.038,2.72,3.61,1.26,0,0,0,234.5323741
6,0,196.8,1.02,16.01,3.2,3.32,1.19,0,0,0,285.4961832
6,0,178.6,1.04,13.36,3.67,3.31,1.1,0,0,0,211.6788321
6,0,166,1,21.875,0,0,0,0,0,0.693147181,163.2653061
6,0,191.8,1.06,16.038,2.72,3.61,1.26,0,0,0.693147181,211.5107914
6,0,196.8,1.02,16.01,3.2,3.32,1.19,0,0,0.693147181,259.5419847
6,0,178.6,1.04,13.36,3.67,3.31,1.1,0,0,0.693147181,200
6,0,166,1,21.875,0,0,0,0,0,1.609437912,153.0612245
6,0,191.8,1.06,16.038,2.72,3.61,1.26,0,0,1.609437912,194.2446043
6,0,196.8,1.02,16.01,3.2,3.32,1.19,0,0,1.609437912,238.1679389
6,0,178.6,1.04,13.36,3.67,3.31,1.1,0,0,1.609437912,183.2116788
6,0,166,1,21.875,0,0,0,0,0,2.302585093,142.8571429
6,0,191.8,1.06,16.038,2.72,3.61,1.26,0,0,2.302585093,179.8561151
6,0,196.8,1.02,16.01,3.2,3.32,1.19,0,0,2.302585093,226.7175573
6,0,178.6,1.04,13.36,3.67,3.31,1.1,0,0,2.302585093,171.5328467
6,0,166,1,21.875,0,0,0,0,0,2.995732274,132.6530612
6,0,191.8,1.06,16.038,2.72,3.61,1.26,0,0,2.995732274,165.4676259
6,0,196.8,1.02,16.01,3.2,3.32,1.19,0,0,2.995732274,209.9236641
6,0,178.6,1.04,13.36,3.67,3.31,1.1,0,0,2.995732274,163.5036496
6,0,267.1,0.85,17.6,0,0,0,0,0,-2.302585093,131
6,0,267.1,0.85,17.6,0,0,0,0,0,-0.693147181,129
6,0,267.1,0.85,17.6,0,0,0,0,0,0,125
6,0,267.1,0.85,17.6,0,0,0,0,0,0.693147181,112
6,0,267.1,0.85,17.6,0,0,0,0,0,1.609437912,87.5
6,0,267.1,0.85,17.6,0,0,0,0,0,2.302585093,69
6,0,278.5,0.38,3.04,0,0,0,0,0,-2.302585093,170
6,0,278.5,0.38,3.04,0,0,0,0,0,-0.693147181,160
6,0,278.5,0.38,3.04,0,0,0,0,0,0,150
6,0,278.5,0.38,3.04,0,0,0,0,0,0.693147181,125
6,0,278.5,0.38,3.04,0,0,0,0,0,1.609437912,102
6,0,278.5,0.38,3.04,0,0,0,0,0,2.302585093,84
6,0,353.1,0.46,7.23,0.2725,0.4905,0.1526,0.1853,0,-2.302585093,219
6,0,353.1,0.46,7.23,0.2725,0.4905,0.1526,0.1853,0,-0.693147181,175
6,0,353.1,0.46,7.23,0.2725,0.4905,0.1526,0.1853,0,0,162
6,0,353.1,0.46,7.23,0.2725,0.4905,0.1526,0.1853,0,0.693147181,148
6,0,353.1,0.46,7.23,0.2725,0.4905,0.1526,0.1853,0,1.609437912,125
6,0,353.1,0.46,7.23,0.2725,0.4905,0.1526,0.1853,0,2.302585093,97
6,0,462.1,0.54,7.68,0.5325,0.7668,0.3195,0.5112,0,-2.302585093,279
6,0,462.1,0.54,7.68,0.5325,0.7668,0.3195,0.5112,0,-0.693147181,276
6,0,462.1,0.54,7.68,0.5325,0.7668,0.3195,0.5112,0,0,222
6,0,462.1,0.54,7.68,0.5325,0.7668,0.3195,0.5112,0,0.693147181,180
6,0,462.1,0.54,7.68,0.5325,0.7668,0.3195,0.5112,0,1.609437912,150
6,0,462.1,0.54,7.68,0.5325,0.7668,0.3195,0.5112,0,2.302585093,124
6,0,407,0.77,6.85,0.73,1.1388,0.4964,0.5548,0,-2.302585093,229
6,0,407,0.77,6.85,0.73,1.1388,0.4964,0.5548,0,-0.693147181,210
6,0,407,0.77,6.85,0.73,1.1388,0.4964,0.5548,0,0,180
6,0,407,0.77,6.85,0.73,1.1388,0.4964,0.5548,0,0.693147181,150
6,0,407,0.77,6.85,0.73,1.1388,0.4964,0.5548,0,1.609437912,136
6,0,407,0.77,6.85,0.73,1.1388,0.4964,0.5548,0,2.302585093,110
6,0,175.9,1.142,6.36,4.528137,3.616308,0.689928,0.855627,1.2,0,323.8
6,0,175.9,1.142,6.36,4.528137,3.616308,0.689928,0.855627,1.2,0.693147181,316.7
6,0,175.9,1.142,6.36,4.528137,3.616308,0.689928,0.855627,1.2,1.609437912,305.3
6,0,175.9,1.142,6.36,4.528137,3.616308,0.689928,0.855627,1.2,2.302585093,294.6
6,0,175.9,1.142,6.36,4.528137,3.616308,0.689928,0.855627,1.2,2.995732274,286.3
6,0,131.3,1.24,32.32,3.1,1.98,3.4,0,4.59,-1.609437912,158
6,0,131.3,1.24,32.32,3.1,1.98,3.4,0,4.59,-0.693147181,149
6,0,131.3,1.24,32.32,3.1,1.98,3.4,0,4.59,0,142
6,0,131.3,1.24,32.32,3.1,1.98,3.4,0,4.59,1.609437912,132
6,0,131.3,1.24,32.32,3.1,1.98,3.4,0,4.59,2.302585093,124
6,0,284.8,1.27,27.56,3.93,3.84,2.51,0,3.86,-1.609437912,167
6,0,284.8,1.27,27.56,3.93,3.84,2.51,0,3.86,-0.693147181,161
6,0,284.8,1.27,27.56,3.93,3.84,2.51,0,3.86,0,154
6,0,284.8,1.27,27.56,3.93,3.84,2.51,0,3.86,1.609437912,142
6,0,284.8,1.27,27.56,3.93,3.84,2.51,0,3.86,2.302585093,133
6,0,324.6,1.17,13.69,2.69,1.1,2.61,0,2.66,-1.609437912,208
6,0,324.6,1.17,13.69,2.69,1.1,2.61,0,2.66,-0.693147181,198
6,0,324.6,1.17,13.69,2.69,1.1,2.61,0,2.66,0,185
6,0,324.6,1.17,13.69,2.69,1.1,2.61,0,2.66,1.609437912,177
6,0,324.6,1.17,13.69,2.69,1.1,2.61,0,2.66,2.302585093,167
6,0,259.5,1.25,6.79,2.42,0.67,1.79,0,2.08,-1.609437912,132
6,0,259.5,1.25,6.79,2.42,0.67,1.79,0,2.08,-0.693147181,118
6,0,259.5,1.25,6.79,2.42,0.67,1.79,0,2.08,0,112
6,0,259.5,1.25,6.79,2.42,0.67,1.79,0,2.08,1.609437912,95
6,0,259.5,1.25,6.79,2.42,0.67,1.79,0,2.08,2.302585093,85
0,0.25,471.05,1.78,28.41,0,0,0,0,0,-1.203972804,160
0,0.25,274.44,1.76,12.91,0.268256,0.23987,0.65819,0.488704,0,-1.203972804,349
0,0.25,471.05,1.78,28.41,0,0,0,0,0,-0.693147181,149
0,0.25,274.44,1.76,12.91,0.268256,0.23987,0.65819,0.488704,0,-0.693147181,332
0,0.25,471.05,1.78,28.41,0,0,0,0,0,-0.356674944,140
0,0.25,274.44,1.76,12.91,0.268256,0.23987,0.65819,0.488704,0,-0.356674944,320
0,0.25,471.05,1.78,28.41,0,0,0,0,0,0,135
0,0.25,274.44,1.76,12.91,0.268256,0.23987,0.65819,0.488704,0,0,306
0,0.25,471.05,1.78,28.41,0,0,0,0,0,0.693147181,124
0,0.25,274.44,1.76,12.91,0.268256,0.23987,0.65819,0.488704,0,0.693147181,273
0,0.25,471.05,1.78,28.41,0,0,0,0,0,1.098612289,105
0,0.25,274.44,1.76,12.91,0.268256,0.23987,0.65819,0.488704,0,1.098612289,249
0,0.25,471.05,1.78,28.41,0,0,0,0,0,1.386294361,93
0,0.25,274.44,1.76,12.91,0.268256,0.23987,0.65819,0.488704,0,1.386294361,225
0,0.25,471.05,1.78,28.41,0,0,0,0,0,1.609437912,87
0,0.25,274.44,1.76,12.91,0.268256,0.23987,0.65819,0.488704,0,1.609437912,206
6,0,282.3,1.06,10.01,0.42,0.58,0.26,0,1.16,-0.693147181,327
6,0,282.3,1.06,10.01,0.42,0.58,0.26,0,1.16,0,274
6,0,282.3,1.06,10.01,0.42,0.58,0.26,0,1.16,0.693147181,263
6,0,282.3,1.06,10.01,0.42,0.58,0.26,0,1.16,1.098612289,250
6,0,282.3,1.06,10.01,0.42,0.58,0.26,0,1.16,1.609437912,246
6,0,282.3,1.06,10.01,0.42,0.58,0.26,0,1.16,2.302585093,229
6,0,282.3,1.06,10.01,0.42,0.58,0.26,0,1.16,2.995732274,212
6,0,366,1.11,9.18,0.66,1.17,0.44,0,2.39,-0.693147181,381
6,0,366,1.11,9.18,0.66,1.17,0.44,0,2.39,0,321
6,0,366,1.11,9.18,0.66,1.17,0.44,0,2.39,0.693147181,310
6,0,366,1.11,9.18,0.66,1.17,0.44,0,2.39,1.098612289,307
6,0,366,1.11,9.18,0.66,1.17,0.44,0,2.39,1.609437912,297
6,0,366,1.11,9.18,0.66,1.17,0.44,0,2.39,2.302585093,280
6,0,366,1.11,9.18,0.66,1.17,0.44,0,2.39,2.995732274,258
6,0,257.8,1.08,8.75,0.47,0.78,0.27,0,1.91,-0.693147181,320
6,0,257.8,1.08,8.75,0.47,0.78,0.27,0,1.91,0,265
6,0,257.8,1.08,8.75,0.47,0.78,0.27,0,1.91,0.693147181,251
6,0,257.8,1.08,8.75,0.47,0.78,0.27,0,1.91,1.098612289,247
6,0,257.8,1.08,8.75,0.47,0.78,0.27,0,1.91,1.609437912,227
6,0,257.8,1.08,8.75,0.47,0.78,0.27,0,1.91,2.302585093,224
6,0,257.8,1.08,8.75,0.47,0.78,0.27,0,1.91,2.995732274,200
6,0,836,1,0,0,0,0,0,0,-0.693147181,134
6,0,836,1,0,0,0,0,0,0,0,108
6,0,836,1,0,0,0,0,0,0,1.098612289,89
6,0,836,1,0,0,0,0,0,0,1.609437912,83
6,0,836,1,0,0,0,0,0,0,2.079441542,68
6,0,966,1.06,5.96,0.47,0.52,0.36,0.27,0.48,-0.693147181,261
6,0,966,1.06,5.96,0.47,0.52,0.36,0.27,0.48,0,194
6,0,966,1.06,5.96,0.47,0.52,0.36,0.27,0.48,1.098612289,130
6,0,966,1.06,5.96,0.47,0.52,0.36,0.27,0.48,1.609437912,119
6,0,966,1.06,5.96,0.47,0.52,0.36,0.27,0.48,2.079441542,103
6,0,1335,1.13,4.62,0.38,0.46,0.53,0.23,0.37,-0.693147181,203
6,0,1335,1.13,4.62,0.38,0.46,0.53,0.23,0.37,0,148
6,0,1335,1.13,4.62,0.38,0.46,0.53,0.23,0.37,1.098612289,100
6,0,1335,1.13,4.62,0.38,0.46,0.53,0.23,0.37,1.609437912,95
6,0,1335,1.13,4.62,0.38,0.46,0.53,0.23,0.37,2.079441542,78
6,0,1934.7,1.11719508,3.86,0,0,0,0,0,-1.386294361,208
6,0,1919.1,1.11719508,3.24,0,0,0,0,0.64,-1.386294361,234
6,0,1790.3,1.11719508,4.07,0,0,0,0,1.13,-1.386294361,257
6,0,1630.9,1.11719508,6.35,0,0,0,0,2.37,-1.386294361,183
6,0,1934.7,1.11719508,3.86,0,0,0,0,0,-0.693147181,195
6,0,1919.1,1.11719508,3.24,0,0,0,0,0.64,-0.693147181,218
6,0,1790.3,1.11719508,4.07,0,0,0,0,1.13,-0.693147181,241
6,0,1630.9,1.11719508,6.35,0,0,0,0,2.37,-0.693147181,153
6,0,1934.7,1.11719508,3.86,0,0,0,0,0,0,189
6,0,1919.1,1.11719508,3.24,0,0,0,0,0.64,0,207
6,0,1790.3,1.11719508,4.07,0,0,0,0,1.13,0,234
6,0,1630.9,1.11719508,6.35,0,0,0,0,2.37,0,167
6,0,1934.7,1.11719508,3.86,0,0,0,0,0,0.916290732,180
6,0,1919.1,1.11719508,3.24,0,0,0,0,0.64,0.916290732,199
6,0,1790.3,1.11719508,4.07,0,0,0,0,1.13,0.916290732,223
6,0,1630.9,1.11719508,6.35,0,0,0,0,2.37,0.916290732,160
6,0,1934.7,1.11719508,3.86,0,0,0,0,0,1.609437912,177
6,0,1919.1,1.11719508,3.24,0,0,0,0,0.64,1.609437912,195
6,0,1790.3,1.11719508,4.07,0,0,0,0,1.13,1.609437912,219
6,0,1630.9,1.11719508,6.35,0,0,0,0,2.37,1.609437912,158
6,0,1934.7,1.11719508,3.86,0,0,0,0,0,2.302585093,172
6,0,1919.1,1.11719508,3.24,0,0,0,0,0.64,2.302585093,190
6,0,1790.3,1.11719508,4.07,0,0,0,0,1.13,2.302585093,214
6,0,1630.9,1.11719508,6.35,0,0,0,0,2.37,2.302585093,156
6,0,1934.7,1.11719508,3.86,0,0,0,0,0,3.218875825,171
6,0,1919.1,1.11719508,3.24,0,0,0,0,0.64,3.218875825,179
6,0,1790.3,1.11719508,4.07,0,0,0,0,1.13,3.218875825,210
6,0,1630.9,1.11719508,6.35,0,0,0,0,2.37,3.218875825,155
1,0,106.3,1.01,12.88,0,0,0,0,0,0,160
1,0,106.3,1.01,12.88,0,0,0,0,0,0.693147181,150
1,0,106.3,1.01,12.88,0,0,0,0,0,1.609437912,140
1,0,106.3,1.01,12.88,0,0,0,0,0,2.079441542,130
1,0,106.3,1.01,12.88,0,0,0,0,0,2.302585093,127
1,0,106.3,1.01,12.88,0,0,0,0,0,2.708050201,123
1,0,106.3,1.01,12.88,0,0,0,0,0,2.995732274,118
1,0,193.5,1.05,11.89,0,0,0,0,0,0,215
1,0,193.5,1.05,11.89,0,0,0,0,0,0.693147181,200
1,0,193.5,1.05,11.89,0,0,0,0,0,1.609437912,185
1,0,193.5,1.05,11.89,0,0,0,0,0,2.079441542,178
1,0,193.5,1.05,11.89,0,0,0,0,0,2.302585093,175
1,0,193.5,1.05,11.89,0,0,0,0,0,2.708050201,173
1,0,193.5,1.05,11.89,0,0,0,0,0,2.995732274,171
1,0,129.2,1.33,11.2,1.55,1.2,1.5,0,2.69,0,315
1,0,129.2,1.33,11.2,1.55,1.2,1.5,0,2.69,0.693147181,260
1,0,129.2,1.33,11.2,1.55,1.2,1.5,0,2.69,1.609437912,223
1,0,129.2,1.33,11.2,1.55,1.2,1.5,0,2.69,2.079441542,205
1,0,129.2,1.33,11.2,1.55,1.2,1.5,0,2.69,2.302585093,200
1,0,129.2,1.33,11.2,1.55,1.2,1.5,0,2.69,2.708050201,193
1,0,129.2,1.33,11.2,1.55,1.2,1.5,0,2.69,2.995732274,190
1,0,370.4,1.32,7.76,2.25,1.4,1.15,0,2.01,0,346
1,0,370.4,1.32,7.76,2.25,1.4,1.15,0,2.01,0.693147181,302
1,0,370.4,1.32,7.76,2.25,1.4,1.15,0,2.01,1.609437912,260
1,0,370.4,1.32,7.76,2.25,1.4,1.15,0,2.01,2.079441542,242
1,0,370.4,1.32,7.76,2.25,1.4,1.15,0,2.01,2.302585093,235
1,0,370.4,1.32,7.76,2.25,1.4,1.15,0,2.01,2.708050201,215
1,0,370.4,1.32,7.76,2.25,1.4,1.15,0,2.01,2.995732274,201
1,0,54.01,0.407303371,2.69,0.76,1.49,0,0,0,-0.693147181,22.5
1,0,50.44,0.404123711,3.73,0.68,1.38,0.94,0,0,-0.693147181,24.5
1,0,41.6,0.427083333,4.13,0.84,1.59,1,0,0,-0.693147181,26.3
1,0,54.01,0.407303371,2.69,0.76,1.49,0,0,0,-0.223143551,20
1,0,50.44,0.404123711,3.73,0.68,1.38,0.94,0,0,-0.223143551,21.3
1,0,41.6,0.427083333,4.13,0.84,1.59,1,0,0,-0.223143551,22
1,0,54.01,0.407303371,2.69,0.76,1.49,0,0,0,0.470003629,18.75
1,0,50.44,0.404123711,3.73,0.68,1.38,0.94,0,0,0.470003629,18
1,0,41.6,0.427083333,4.13,0.84,1.59,1,0,0,0.470003629,20
1,0,54.01,0.407303371,2.69,0.76,1.49,0,0,0,1.386294361,17.6
1,0,50.44,0.404123711,3.73,0.68,1.38,0.94,0,0,1.386294361,16.4
1,0,41.6,0.427083333,4.13,0.84,1.59,1,0,0,1.386294361,18.5
1,0,54.01,0.407303371,2.69,0.76,1.49,0,0,0,2.079441542,17.3
1,0,50.44,0.404123711,3.73,0.68,1.38,0.94,0,0,2.079441542,15
1,0,41.6,0.427083333,4.13,0.84,1.59,1,0,0,2.079441542,19
3,0,261,0.92,14.03,0,0,0,0,3.47,1.609437912,285
3,0,261,0.92,14.03,0,0,0,0,3.47,1.098612289,320
3,0,261,0.92,14.03,0,0,0,0,3.47,2.302585093,155
6,0,109.07,1.21,8.76,4.9345,0.2409,0.1446,0,0,0,359
6,0,109.07,1.21,8.76,4.9345,0.2409,0.1446,0,0,0.693147181,330
6,0,109.07,1.21,8.76,4.9345,0.2409,0.1446,0,0,1.098612289,315
6,0,109.07,1.21,8.76,4.9345,0.2409,0.1446,0,0,1.386294361,300
6,0,109.07,1.21,8.76,4.9345,0.2409,0.1446,0,0,1.609437912,292
6,0,109.07,1.21,8.76,4.9345,0.2409,0.1446,0,0,2.302585093,280
6,0,39.05,1.02,9.39,2.5631,0.3077,1.2923,0,0,0,280
6,0,39.05,1.02,9.39,2.5631,0.3077,1.2923,0,0,0.693147181,225
6,0,39.05,1.02,9.39,2.5631,0.3077,1.2923,0,0,1.098612289,220
6,0,39.05,1.02,9.39,2.5631,0.3077,1.2923,0,0,1.386294361,220
6,0,39.05,1.02,9.39,2.5631,0.3077,1.2923,0,0,1.609437912,215
6,0,39.05,1.02,9.39,2.5631,0.3077,1.2923,0,0,2.302585093,203
6,0,531.9,1.11719508,13.7,5.2,2.1,0.4,0,0,0.693147181,320
6,0,531.9,1.11719508,13.7,5.2,2.1,0.4,0,0,1.609437912,298.5
6,0,531.9,1.11719508,13.7,5.2,2.1,0.4,0,0,2.302585093,239
6,0,1888,1.86,10.50478,0,0,0,0,0,0,125.5
6,0,1866,2.01,10.50478,0,0,0,0,0.97,0,119
6,0,1697,2.03,10.50478,0,0,0,0,1.2,0,137
6,0,1639,1.93,10.50478,0,0,0,0,0.87,0,124.5
6,0,1888,1.86,10.50478,0,0,0,0,0,0.916290732,121.8
6,0,1866,2.01,10.50478,0,0,0,0,0.97,0.916290732,118.8
6,0,1697,2.03,10.50478,0,0,0,0,1.2,0.916290732,131
6,0,1639,1.93,10.50478,0,0,0,0,0.87,0.916290732,121.5
6,0,1888,1.86,10.50478,0,0,0,0,0,1.609437912,113
6,0,1866,2.01,10.50478,0,0,0,0,0.97,1.609437912,112.5
6,0,1697,2.03,10.50478,0,0,0,0,1.2,1.609437912,126
6,0,1639,1.93,10.50478,0,0,0,0,0.87,1.609437912,119
6,0,1888,1.86,10.50478,0,0,0,0,0,2.302585093,97
6,0,1866,2.01,10.50478,0,0,0,0,0.97,2.302585093,106.5
6,0,1697,2.03,10.50478,0,0,0,0,1.2,2.302585093,121.5
6,0,1639,1.93,10.50478,0,0,0,0,0.87,2.302585093,118
6,0,1888,1.86,10.50478,0,0,0,0,0,3.218875825,43.8
6,0,1866,2.01,10.50478,0,0,0,0,0.97,3.218875825,98
6,0,1697,2.03,10.50478,0,0,0,0,1.2,3.218875825,110
6,0,1639,1.93,10.50478,0,0,0,0,0.87,3.218875825,114
6,0,260,1.11719508,14.39,0,0,0,0,0,-1.609437912,203
6,0,593,1.11719508,13.86,5.11,2.21,2.77,0,0,-1.609437912,326
6,0,502,1.11719508,14.02,2.38,1.76,0.82,0,0,-1.609437912,238
6,0,527,1.11719508,13.72,2.62,1.93,1.38,0,0,-1.609437912,251
6,0,571,1.11719508,11.81,4.35,2.74,2.41,0,0,-1.609437912,276
6,0,544,1.11719508,11.77,4.59,2.91,0.97,0,0,-1.609437912,289
6,0,373,1.11719508,15.91,3.47,1.84,1.05,0,0,-1.609437912,254
6,0,460,1.11719508,14.4,3.87,2.88,1.09,0,0,-1.609437912,286
6,0,413,1.11719508,10.73,4.09,2.36,0.85,0,0,-1.609437912,281
6,0,260,1.11719508,14.39,0,0,0,0,0,0,169
6,0,593,1.11719508,13.86,5.11,2.21,2.77,0,0,0,269
6,0,502,1.11719508,14.02,2.38,1.76,0.82,0,0,0,210
6,0,527,1.11719508,13.72,2.62,1.93,1.38,0,0,0,216
6,0,571,1.11719508,11.81,4.35,2.74,2.41,0,0,0,239
6,0,544,1.11719508,11.77,4.59,2.91,0.97,0,0,0,250
6,0,373,1.11719508,15.91,3.47,1.84,1.05,0,0,0,193
6,0,460,1.11719508,14.4,3.87,2.88,1.09,0,0,0,222
6,0,413,1.11719508,10.73,4.09,2.36,0.85,0,0,0,207
6,0,0,1.11719508,0,0,0,0,0,0,0,0
6,0,0,1.11719508,0,5.2,0,0,0,4.59,2.302585093,0
6,0,0,1.11719508,0,0,6.4,0,0,4.59,0,0
6,0,0,1.11719508,0,5.2,6.4,0,0,0,2.302585093,0
6,0,0,1.11719508,0,0,0,3.4,0,0,2.302585093,0
6,0,0,1.11719508,0,5.2,0,3.4,0,4.59,0,0
6,0,0,1.11719508,0,0,6.4,3.4,0,4.59,2.302585093,0
6,0,0,1.11719508,0,5.2,6.4,3.4,0,0,0,0
6,0,0,1.11719508,13.69,0,0,0,0,0,0,0
6,0,0,1.11719508,13.69,5.2,0,0,0,4.59,2.302585093,0
6,0,0,1.11719508,13.69,0,6.4,0,0,4.59,0,0
6,0,0,1.11719508,13.69,5.2,6.4,0,0,0,2.302585093,0
6,0,0,1.11719508,13.69,0,0,3.4,0,0,2.302585093,0
6,0,0,1.11719508,13.69,5.2,0,3.4,0,4.59,0,0
6,0,0,1.11719508,13.69,0,6.4,3.4,0,4.59,2.302585093,0
6,0,0,1.11719508,13.69,5.2,6.4,3.4,0,0,0,0
6,0,0,1.11719508,32.32,0,0,0,0,0,0,0
6,0,0,1.11719508,32.32,5.2,0,0,0,4.59,2.302585093,0
6,0,0,1.11719508,32.32,0,6.4,0,0,4.59,0,0
6,0,0,1.11719508,32.32,5.2,6.4,0,0,0,2.302585093,0
6,0,0,1.11719508,32.32,0,0,3.4,0,0,2.302585093,0
6,0,0,1.11719508,32.32,5.2,0,3.4,0,4.59,0,0
6,0,0,1.11719508,32.32,0,6.4,3.4,0,4.59,2.302585093,0
6,0,0,1.11719508,32.32,5.2,6.4,3.4,0,0,0,0
